accuracy: 0.7673992673992674
precision: 0.761744966442953
recall: 0.8021201413427562
f1: 0.7814113597246127
kappa: 0.5332328114271867
