accuracy: 0.7967032967032966
precision: 0.8049645390070922
recall: 0.8021201413427562
f1: 0.8035398230088495
kappa: 0.5929150042316528
