accuracy: 0.7692307692307693
precision: 0.7716262975778547
recall: 0.7879858657243817
f1: 0.7797202797202797
kappa: 0.5374685688929527
