accuracy: 0.7967032967032966
precision: 0.8006993006993007
recall: 0.8091872791519434
f1: 0.804920913884007
kappa: 0.5926961383889569
