accuracy: 0.7417582417582418
precision: 0.7040229885057471
recall: 0.8657243816254417
f1: 0.7765451664025357
kappa: 0.4782661733013459
